(-0.9153207657960366, -1.5574377810217883)
(-1.075950390852654, -0.15475274753999813)
(-0.9213431175031035, -0.37677852264870015)
(-0.9198958969309756, -1.686983965627768)
(-0.9364658892030718, -0.10922041991961096)
(-0.9836775089407075, -0.08482943158577227)
(-0.9483521701468213, -0.549563359105812)
(-1.0783331433627776, -1.4591537801920889)
(-1.0722487023753546, -0.9829130319844703)
(-0.9165861440963464, -0.32232206721643686)
(-0.9991362188205888, -1.6734010179133085)
(1.623899916688543, -2.0290886482610127)
(1.3608081269474406, -1.9228473129867618)
(1.8478808954082715, -1.9301630592570436)
(1.823507000519062, -1.9485521144133613)
(2.399416087003928, -1.9967921076650827)
(-0.6984243501024494, -1.955424714285532)
(1.837355804601021, -2.0073595633989902)
(2.348043055616154, -2.0415905545229642)
(2.139709212036675, -1.9835571830220202)
(-0.3781387981962596, -1.9846086124068272)
(2.0649392306244545, -2.06593548005717)
(0.5857545229978114, -1.9400229788623968)
(-0.16582262097787748, -1.914476783792706)
(0.46922022954107323, -1.9198883935031805)
(2.763641966755129, -2.0040377958662337)
(0.4393554395835624, -2.0503416516307733)
(0.23593511055928262, -2.0817808362011863)
(-0.3391413620313579, -1.9466514271953983)
(0.2568422789708671, -2.03163330206989)
(2.9598832454335398, -2.0490862627874233)
(-0.9056124826618621, -2.071852896026892)
(-0.5502596384701088, -2.086110160872825)
(3.0022229857439533, -0.7252460509952989)
(2.9203045750464325, -1.884303559755208)
(3.0251142143803285, 1.3580457486403468)
(3.00573411400339, 1.1622592316736817)
(3.068589674000178, -1.4592992112327707)
(3.0959568579700343, -0.321540177575546)
(3.0816239915761376, 0.06486190639830891)
(2.947601700817855, 1.4545253143948846)
(3.0415554229569635, 1.4783166027354202)
(2.9270405470695726, -1.158687168882263)
(2.9809644373799395, 3.0301719364700066)
(3.001165595087308, 3.1399907291046736)
(3.0481739671166173, 1.2648204548250943)
(2.9063560304894533, 0.22770632872693763)
(2.996835754142911, -1.533275139078135)
(3.0782305653155433, 0.31830028121321696)
(3.0321254496739045, 0.7502242985700951)
(2.909212833112488, -0.14987137725656918)
(3.0143092606870368, 3.3741586209270498)
(3.0636874756000347, 1.7265285635947034)
(3.023098474657994, 1.9627740327235852)
(2.9556534046181504, -0.24056769256951904)
(3.0062298260986173, -1.963781907135863)
(2.9938927114355223, -0.5917171936478889)
(2.9066961535657976, 3.3997826686846064)
(3.0943454790107263, 3.4107251146168522)
(3.037547206239077, 1.0636608847593818)
(3.0296659270858797, 3.8064594365106004)
(2.905007129119568, 2.1396224243712627)
(3.082137509674944, -1.0740508166031888)
(3.0336255480540317, -1.1434659676196886)
(3.056136103034554, 0.2008883320695274)
(3.0766010009881453, 3.406468715569381)
(-4.249806489144703, 4.095516148855069)
(-0.8631874673044093, 3.999611391594803)
(2.13895422132439, 3.9989489960348776)
(-1.2901840344445876, 4.073286427121287)
(-4.505564549300266, 4.01406657567452)
(-1.5781694626165272, 3.9533327382293417)
(-0.21238906513723954, 4.080539500669318)
(-1.3462042305891337, 3.946446087103785)
(-4.995002256664919, 4.001006618537325)
(2.9424688402501955, 4.073128967859079)
(-0.8231418981682879, 4.0988031866926695)
(0.15396609374227044, 4.042965087613456)
(0.15467233823572357, 3.977229101142562)
(-2.008992557285735, 4.02212492041534)
(-3.3029425681236955, 3.9631931130662106)
(0.43174502572652607, 3.966811669048513)
(0.9349751176859389, 4.035173099013245)
(2.335271340417254, 3.9425741637371385)
(-1.0472385699301778, 3.916736424287414)
(1.0959663796284556, 3.959337901939987)
(2.585300219126383, 4.048707443936037)
(1.5864479540435976, 4.012883796305253)
(-0.10825274364982196, 4.07692631192262)
(2.0514125897922018, 4.083735093685967)
(-3.7426946061749513, 3.999067594063162)
(2.0292724934583344, 4.042278724555372)
(1.268092236959827, 3.985003197194065)
(-1.884278178594747, 3.9302933252427272)
(-0.7408810294032415, 3.901400408391939)
(0.163518027017175, 3.951462725764492)
(-3.1586514112487105, 4.091180119918812)
(-3.241018506815344, 4.040199649597672)
(-1.5441940837818953, 3.931749426908381)
(-2.8881343690333745, 3.984428767052576)
(-2.7582293585579745, 4.00340294698522)
(-1.5892693089187233, 4.078468823295836)
(-2.7925102093612297, 4.000926417454346)
(-4.250718144577937, 4.096458940152174)
(-4.613830354293055, 3.9395082464890945)
(-2.1581668692247167, 3.950918680645714)
(-4.499146504543806, 4.031225774081008)
(-3.324454541503494, 4.062829337406335)
(2.720377176657559, 3.9400589235621113)
(-2.4233651366812534, 3.9023574636563105)
(-4.9523956638588364, -1.5913936357483607)
(-5.05990035950816, -4.9937854501390095)
(-4.979474443218293, -1.2196082746973351)
(-5.066095987198891, -2.721285575669892)
(-5.007504811836896, -4.659736628095816)
(-5.095052296580985, -5.9342234658734085)
(-4.902423546342643, -1.5164833217580513)
(-4.916486939589189, -5.575187589585149)
(-5.024516674098723, -0.41384356845554393)
(-5.009949962440921, -3.1736132088201696)
(-5.015288214265315, -5.452835670167991)
(-4.941748887729058, -4.353418155587351)
(-5.00590373216301, -5.16951371419671)
(-4.9662471726098785, -1.720136963162191)
(-5.014857760712498, -3.3926468960986638)
(-4.918988501937407, -3.0834721211860496)
(-4.913008959875654, -0.16793984693178032)
(-4.9736686805330566, 3.395404880989153)
(-5.045863974228152, -0.48552061078862785)
(-4.930835528554491, -0.3974883859755556)
(-4.900721944399019, -5.954807183719473)
(-4.940147091310519, -3.6844702832479275)
(-5.039794306255341, -4.416590244582348)
(-4.975647725710175, -2.7553971327921114)
(-4.932485689482749, 3.222429649677574)
(-4.994636644094906, 3.5396429208771885)
(-5.0996921424739545, 3.4784311788467708)
(-4.908863194984967, 3.62984401798537)
(-4.920848904407148, 1.9043051146001977)
(-5.003725783333937, -0.2911644177878632)
(-5.0105022879541075, -1.6195015790139617)
(-5.0214564466034455, -0.2655387796668922)
(-5.098542221796685, -5.871915344226966)
(-4.980581670969776, -2.2302662797384425)
(-4.99604797025748, 0.6525543778935905)
(-5.059722291634069, -4.573659340702293)
(-4.991347487976462, -4.377916136379389)
(-5.007346033147346, 1.6877211499292022)
(-5.083550728220212, -0.6811312550945905)
(-4.955382576442965, -4.881892657149852)
(-4.939244165083993, -5.7013659460979955)
(-5.005295959570771, -4.128581837655702)
(-4.9396368962802075, -3.706210496164773)
(-5.057552268157812, -1.2268505494205897)
(-5.078992825921192, 2.701635104273663)
(-5.042848806383737, -4.628623362451866)
(-4.94864766442027, -2.4622898035189946)
(-5.063638158700392, 2.210449362242489)
(-4.982562809456518, -0.1973688403250602)
(-5.064152566850039, -1.5953579055405536)
(-4.933562673184901, 2.7128184177389265)
(-5.031245241477909, -5.9418808505187215)
(-5.07611710234171, -0.20920670965226762)
(-4.987593049306623, 0.746387068991937)
(-5.039232406114539, 2.9822866109403243)
(-3.9466953350795335, -5.925770503213249)
(-2.875755746179558, -6.069095813231588)
(4.91315361107498, -6.0208386667779)
(-3.5940668544143155, -6.044657587076687)
(-3.293304465030498, -5.954995357448344)
(2.530500320983908, -6.0767607842720235)
(-3.359834711513251, -5.966447964274963)
(6.141849531191898, -6.007505520559679)
(1.6631361937455056, -5.900811715852277)
(2.971370028917672, -6.040396874197476)
(6.46274462160855, -6.046648260694827)
(-0.8544663773571957, -6.073168953325372)
(-3.7315995116163996, -5.933019821097772)
(4.770452916544867, -5.933916443007346)
(-4.334098230847945, -5.90401518037869)
(-3.8753783630609635, -5.9972561860292375)
(-4.674940027907239, -6.086676112979181)
(1.1598927752519765, -5.974215935141933)
(0.6612662319199298, -6.047443239323544)
(0.11101186914854111, -6.007151270040108)
(2.257071080999445, -5.974448242988434)
(1.6840968709957629, -6.025313965101381)
(3.973476375247335, -5.944012413986155)
(-2.190876325510897, -6.019446542991876)
(4.681422449950119, -5.9178675453509015)
(-2.9992019839429265, -5.953645969874705)
(-3.370496182559815, -5.985914663538534)
(3.641851267079801, -6.089014577198763)
(-2.103759243614413, -6.0788876118108695)
(-1.0913879027130013, -5.997740920097629)
(4.8385248753995, -6.040841952155203)
(1.507367041654362, -5.900953558993256)
(-2.900815413490979, -6.091661253170763)
(6.018089499923867, -6.033019007399035)
(-0.11146626147776573, -5.989093971177959)
(-4.686217635581372, -5.97922589164862)
(4.73851720800252, -5.940856717986016)
(-2.379531779872503, -6.0024387951116145)
(-0.16670377682194726, -5.983736600761829)
(-4.23595701500609, -5.9533935005588)
(-3.5350461648734974, -6.048666022235247)
(1.1177081290385118, -5.9674531964974085)
(-4.794022788262112, -5.929612255474603)
(0.30935533217018474, -5.939523959444108)
(4.949126547220779, -6.008102875689361)
(-4.436055663364745, -6.0915226242150515)
(-1.520110692283481, -5.9110245804084505)
(-0.09040085205272774, -5.945431969024096)
(3.7643740547983846, -5.964919419291837)
(6.90091711535289, -5.936366731464271)
(5.57873516946268, -5.991173471722907)
(1.8283676493222147, -6.06632213116852)
(6.733926683022936, -5.9580999151520615)
(1.0270701009094285, -5.956531679162379)
(0.27703731503388873, -6.075504273248139)
(-4.503538535315068, -5.928201184284001)
(6.8494894443600085, -6.006295406668821)
(4.135310466595868, -5.9841561508441625)
(1.526041719926436, -6.074244860250574)
(-0.5030173724208309, -6.00942896567828)
(1.8841102837760584, -5.933528227894627)
(-3.306472225314416, -6.0569686181589315)
(-0.15818292383840138, -5.923168880248708)
(2.2728715922837246, -6.0210229365432815)
(-0.8835510400633986, -5.907126667654429)
(-0.6330285973214282, -6.0152637484101525)
(7.067846693222123, 4.74448732166802)
(7.091935474036588, -5.209463177607925)
(6.964592065115131, -2.581604068915306)
(7.036638479818678, 1.9857705857165815)
(6.9142992964346375, 6.7495699382268555)
(6.944162754212725, -3.8550566974901184)
(7.012609916833352, -3.7112769807690302)
(7.0601951732545745, 7.244550576689424)
(7.040555962350351, -4.59616851373862)
(7.083663311794955, 1.2771761455447503)
(6.993392511917136, 3.6213327719705948)
(6.93001268040419, -4.473349876259822)
(6.990586166846453, 4.039635409622518)
(7.070574855902427, -3.563530787338413)
(6.947458813656729, 7.434596002451821)
(6.925753134766416, -2.5700630699726617)
(7.090212048266057, 6.650932621930796)
(7.046444138360988, -2.508886733878941)
(7.0496718942226515, -5.745197781150002)
(6.944937086441058, -5.906895623668415)
(6.939771174810154, 1.0821233442013707)
(6.900314162887903, 2.7566185022093066)
(6.984321633728832, 1.6007094432956528)
(6.996864377011197, 1.848908409978229)
(7.0343809497227285, -0.675728733572944)
(6.925015186204932, -2.0825481013313327)
(7.023554276162624, -2.648973679685854)
(6.9981780528654465, 7.726434703028788)
(6.982742133695999, 6.924502030861655)
(7.068826936385205, -2.877211708741215)
(7.066039124501172, 1.7328876292748845)
(7.031130217452873, -2.9242582419162186)
(6.99153624830362, -4.015263483194085)
(7.022420127755181, 2.4341044423120195)
(7.089560145930154, 2.1616305693739992)
(7.0861735762204034, -3.4759629165455683)
(6.956687428517545, 6.465801372223272)
(6.929422572134694, 2.4598325005384716)
(7.080774053557577, 1.7556317428533603)
(7.021770492724, -2.715143374565283)
(6.981829012106985, -1.7727862919506592)
(6.927830124122256, -3.3311013733857524)
(6.990484487569043, -3.6682137361938483)
(6.964267212987799, -3.984532589655274)
(6.905647145225208, 3.5845582948420187)
(6.924034994625506, -5.557248988949002)
(7.028901782806294, 6.894782814762539)
(6.959354884068716, -5.123059819612472)
(7.089173672179874, -1.846543320682085)
(7.035891584294347, -2.320061835703374)
(7.072670644261331, 2.327416883803558)
(7.043997225337174, 3.0690582620249547)
(6.916128223729133, 5.334223549904712)
(6.9976150209676415, 5.703616146769868)
(6.994997755908165, 7.534281431189761)
(7.020565654588034, 1.8974729166110258)
(7.025876473285623, 5.785063770850682)
(6.943633596251698, 7.363730245329572)
(7.016035258213614, -3.0958437608991902)
(7.08177213027382, 0.9608493784672003)
(7.0797013094657055, 0.544400554902623)
(6.9662068889258375, 0.5475556746937302)
(7.092192532131093, -0.8747277466683343)
(6.966312042416475, 1.6395373544190814)
(7.035418419746543, 0.273475016585806)
(7.092785472801719, -3.7564118862490936)
(7.012328266330891, -1.9997038953407422)
(6.938285759013968, -5.163969844917352)
(7.059149842050118, -5.892988009803689)
(6.991554604309359, -1.690275760398353)
(7.017052714152721, 2.492030317722758)
(7.0633186972595015, -2.5068996174384814)
(7.068738843619692, 5.081966075089168)
(6.934411842398317, 7.708153543293092)
(7.053847429915113, 4.198949808623308)
(7.092512474473783, 4.162145228275945)
(6.917440610635934, 3.784104912295783)
(-4.397185362850005, 8.09271504557306)
(6.09216754469206, 8.011160798334503)
(4.244181504237583, 7.970141484669934)
(1.4232511062498308, 8.032787379598348)
(-4.480187750934192, 7.96666964747083)
(6.534942872387253, 7.994890271713151)
(-5.945242067927511, 7.945375107775812)
(0.9855711607010917, 8.020676019469768)
(-4.997467985001311, 8.054853054373996)
(-8.23557972934232, 8.097929153023525)
(0.010434128054946257, 7.963540524919491)
(-4.044427552188868, 7.996503683779368)
(1.540677339250136, 8.095417066254774)
(-4.439182036732472, 7.997851332257483)
(4.575536302269505, 7.941515952251837)
(-4.5530105712666185, 7.999163673743773)
(6.775446879385035, 7.9701446101499815)
(-3.323829009218903, 7.915794033284412)
(-8.900284740173865, 8.098593680230394)
(2.862036038529947, 8.051241185921084)
(1.159506112678308, 8.077100788678186)
(-4.486104438379378, 7.915820365344587)
(-0.4229471984976634, 8.01197995060544)
(-0.8894868084935084, 7.941925119699537)
(6.599659228420869, 8.057176775945079)
(-1.004133275741081, 7.948960348586596)
(-2.0755116421568864, 8.04172316374405)
(-4.819378465063066, 8.029904267829275)
(-5.4276221241034275, 8.011952980615096)
(-4.432725155013795, 8.00317986703071)
(-4.380119224572356, 7.9823338308619345)
(6.789158410526328, 8.028702984340663)
(-2.411436992889085, 8.036591723843884)
(-4.963646566117269, 8.092977896440894)
(-7.532048010553067, 8.092757038355957)
(-7.931026951935904, 7.901529003725356)
(-0.29915383186251354, 8.046904860048961)
(0.4487511184495663, 8.052070434953956)
(-2.6691295203251677, 7.942659940963425)
(-1.498465063509368, 8.007749439579785)
(2.0257689007107498, 8.090840722041403)
(-3.674363249537304, 7.973411623587616)
(-6.719088664552062, 7.997213206648224)
(-1.817351517834144, 8.061776069416752)
(-3.9902964910031358, 7.999165207357336)
(3.077075096222643, 7.99689873379422)
(-4.392294731675841, 8.017574296150594)
(-5.083846933772094, 7.960423224780952)
(5.899247339403962, 8.0476519471445)
(-8.853394445172619, 7.932689390639169)
(-1.411210401754854, 7.939112347115694)
(-6.941812855532204, 7.992595580143357)
(-1.2306859706669773, 7.940936154440223)
(2.7878267376918604, 7.951900005276926)
(-7.159927166319219, 7.933067051365944)
(5.783260970707984, 8.011440521318786)
(-4.925622767511426, 7.919805936832331)
(-7.140356270537158, 8.069389870981247)
(-4.789249256441755, 7.936042294961249)
(6.74893223687622, 8.081671396376338)
(5.8656057221273805, 7.944142948515019)
(-8.888274642683347, 8.002713173379265)
(4.27995172497439, 8.09151870671294)
(-8.02339809565219, 8.086678109772597)
(-5.42044828556546, 8.017666493726216)
(5.81429438952585, 7.983620357524499)
(6.107888223516657, 8.0774214409285)
(2.8191876523089814, 7.994640891023918)
(-1.8903772172828788, 7.914315018734053)
(-6.255600308817085, 7.9394682661598885)
(1.296150676968935, 8.064757479940122)
(1.424716249643085, 8.06546480930135)
(4.826046021254022, 8.089387679636216)
(4.413262727206785, 8.071542686056505)
(1.9046004970037096, 7.92461929422001)
(2.937164524562064, 7.9446057566256165)
(5.524441106141742, 8.072208919634948)
(-8.69439882203043, 7.981115204884626)
(-7.4480488320875775, 8.049270375926548)
(4.060531786570458, 8.022607677307056)
(-4.613619608005338, 8.055897130676081)
(-1.1727352469085126, 7.914746229684178)
(1.9099058976754275, 7.91454585921799)
(-7.6508072472722315, 8.073344563711169)
(-5.709222349435599, 8.082851558482602)
(5.1105685161851735, 8.097952093190793)
(0.5000193620001454, 7.92891156355628)
(-5.944494421925498, 8.040329876389283)
(-8.914904688347654, -9.244580680749745)
(-8.951747144972774, -3.814068180375255)
(-9.080629271494496, -2.8264559603699784)
(-8.943855680072097, 3.092602650189731)
(-8.994339199124841, -1.981537844397657)
(-8.935507137183814, -3.044632334853598)
(-8.962816514624658, 5.099556607845452)
(-9.010307613182276, -7.062011089335523)
(-9.006819557504807, 2.059961501666425)
(-9.087551971942322, -9.022609619873913)
(-8.95746658770827, 6.29341771759853)
(-8.989791696382278, -4.095341353367952)
(-9.043638290656007, -1.1561621333673653)
(-9.081174491335489, 7.340288354957547)
(-9.087268861445006, 2.253320104492113)
(-8.96389319952406, -5.9337297990163425)
(-9.009998054800798, -3.6974387573864993)
(-8.936227531963969, -2.916379628743643)
(-9.02260652242423, 2.414849600636094)
(-9.06848698450336, -1.2579566310874633)
(-9.038832171517722, -1.8568921045636468)
(-8.960749758548966, -7.41781830505225)
(-9.006788853290171, -6.78971641158032)
(-9.028147404471206, -1.9619587968444137)
(-9.020841590675698, 0.7091944347898131)
(-8.903346204526368, 1.9667081252365186)
(-8.909299985281482, -9.420925261217096)
(-9.064533068036061, -2.967659351632519)
(-9.043571331628286, -4.405901080495608)
(-8.99279612085709, -8.258913089902737)
(-8.924179511349553, 1.3882087590126986)
(-8.954429254649124, 4.063626273983264)
(-8.978492287331205, -8.584021254599163)
(-9.04917706974912, -1.7589212264858567)
(-9.059418148732759, -0.3811771899058414)
(-9.076406020071293, -0.2964098473872241)
(-8.917055846853156, -5.450933517392661)
(-9.05058727556299, -9.133600380249772)
(-9.028603071892329, -6.9020979251511125)
(-8.951906202649795, -5.612252413341679)
(-9.077681533549153, -8.951251585728857)
(-8.980134139493563, 7.6391481653564774)
(-8.903668336809497, -0.2776531558543667)
(-8.934343876257918, 1.5364187510449483)
(-9.00643693309908, -4.469146862801658)
(-9.017088466027497, 7.2754809796931)
(-8.991499473684977, -6.589400646895729)
(-9.029078504559745, 4.498543650256131)
(-9.052924426499107, -1.4961330822221939)
(-9.080184187340409, -2.127446451759041)
(-8.961326183243722, -0.2414153899240148)
(-8.95227617103275, -0.9827015759726656)
(-9.031492455311726, -0.93048619861875)
(-9.022501543433787, 4.543512527011384)
(-8.95122695717773, 2.426221084880959)
(-8.926420838790504, -5.970090226460942)
(-9.080986346535997, -6.463964930931833)
(-8.951150782613762, 4.788702788229621)
(-8.962893764598093, -6.251379605865141)
(-9.054980333309015, -1.5007729784884276)
(-8.95491655179561, -4.376623644478723)
(-9.061187825121547, -8.435118624121682)
(-8.940257971254125, 2.3253264886375327)
(-8.972049958663028, -3.002543025932802)
(-9.006760520481802, 0.7834155119802677)
(-8.986058856901586, -0.7421436723298154)
(-9.087698138331382, -7.032069803666707)
(-9.037125572916551, -7.399822219009133)
(-9.055703013088612, -3.998036821048932)
(-9.078089910135146, -2.6959445481252917)
(-9.019177518262177, 2.25624999228269)
(-8.928940004384367, 0.4240559132678783)
(-9.072096600493339, 3.6439816825024014)
(-8.992587900787067, 2.706685626764351)
(-8.953330732768187, 0.39013506860501224)
(-9.077807894803014, -8.559646449396395)
(-8.929649720558679, 6.336821670584971)
(-8.913984174308622, -2.650146937413065)
(-9.04597301857367, -4.49118124980219)
(-8.925076335159634, -4.551129357491814)
(-8.993971002907896, 7.12072332417171)
(-9.089923826965663, 7.742335702752069)
(-9.018873645804703, 7.683917833549)
(-9.015308508361578, 3.4130826165757586)
(-9.040320783123855, 2.382082298236659)
(-8.946759568090036, -0.4358087001122186)
(-8.937787113707046, 6.508500730266544)
(-8.95644493393144, -7.722448091672895)
(-9.002127030337107, -7.26733071297813)
(-9.042451137111785, 6.893468211482098)
(-9.078976567413749, -6.8047431391313555)
(-9.069858872912803, 1.8301222326133484)
(-8.910210380077322, -4.536216551682857)
(-8.923068966284767, -6.201643808052443)
(-8.993150250468737, 3.771117657683913)
(-8.95015769478995, -1.4287918823106782)
(-9.064175815284246, 4.498703988945675)
(-9.086404884742366, 7.556953202697795)
(-8.932831935447016, -6.857469987819376)
(-9.082490956093599, -5.648323382143194)
(0.2811529619404354, -10.022340215883906)
(5.555635531713962, -10.014158809788478)
(-0.532707765582126, -9.963759446286431)
(2.3142888138170292, -10.058055224963415)
(1.9007622370835495, -9.990428230819239)
(-3.6511234774123933, -9.958733422291562)
(-0.048383086958025956, -9.937235219460149)
(-1.7639727609028064, -9.956509501990604)
(-4.221141646043222, -10.035529834214598)
(-8.5214933865895, -9.922821266755014)
(-5.376192760688959, -9.975913306066218)
(-2.2443477255914193, -9.987977696753303)
(9.509731279319158, -10.02451984013806)
(8.509260863892045, -10.093915605912867)
(-0.6843475177207967, -10.077196805931747)
(2.589444933720358, -10.000681150591513)
(-4.963358763285218, -10.092254911007299)
(-5.449559470199859, -10.013388737222698)
(-6.880044782405178, -9.960569432248601)
(-3.911368090975632, -10.037519482798334)
(-4.739239213181079, -9.960888966366571)
(9.825872352649537, -10.03096085416464)
(-1.3334605085758735, -10.006358247307963)
(2.972828726259582, -10.041603348327039)
(1.0456149509502506, -10.09909771167757)
(10.774772168351337, -10.096589188629872)
(-4.113210856511177, -9.906623893786676)
(10.731767141534249, -10.030522009071273)
(3.92941544557538, -10.081138306340714)
(5.894543429752341, -9.916325280861905)
(7.841218253950508, -10.062413824206457)
(-5.243918891105724, -9.900158656073293)
(3.0989873458398716, -9.935279242441267)
(-3.4774794646326814, -10.020633540046763)
(1.973877170999451, -9.921378358917506)
(-6.820246287470917, -9.996084488892391)
(-4.377623352122162, -10.048831528545463)
(1.169123841596905, -10.010462173438603)
(-5.195019925861322, -9.975525886932283)
(5.9340450630989015, -10.069938298713545)
(-4.911450046033247, -9.929932506793037)
(-6.998464309977791, -9.915797148628123)
(2.2090724811355855, -10.053021008832223)
(-5.416752204330065, -10.057998374379915)
(4.359368289543944, -10.09849501141363)
(-6.010787129659515, -10.088239893558287)
(1.9515749898534498, -10.048410066664218)
(-5.493279828372089, -10.022541722164332)
(-2.7040685059468403, -10.092908665911462)
(0.6462217080299961, -9.99182106146655)
(5.44494419830834, -10.031625642806413)
(9.711280840177611, -9.974273035219612)
(-1.106884709390485, -10.073189251860885)
(5.047092942608664, -10.025786120229872)
(-3.212390405178308, -10.031308533905063)
(0.349893751519307, -10.063691716866487)
(-5.474032057955035, -9.959697447562924)
(1.886761174001883, -10.076537744022009)
(1.4463451899765438, -9.923811004896844)
(-6.078601885657989, -9.962676119744414)
(-1.741138712977925, -10.058188424374757)
(10.467334878603644, -9.902570467536082)
(-4.182666396328206, -9.99525710080987)
(-8.485280025090773, -9.901338663184632)
(-8.801455407658292, -9.952212776236083)
(4.537674594490321, -10.077958751105855)
(5.5429858046187555, -9.919316783719879)
(8.349051746388668, -10.04661133411463)
(10.976502972004965, -9.986101470987458)
(-0.28258081332433704, -10.01786769574478)
(0.5785305418492488, -10.045885547108247)
(-2.087528143053671, -10.066065260900185)
(-3.6428312518644503, -10.074557964569227)
(-1.0487147233869898, -10.013757639757944)
(-5.372648765608117, -9.91016634479852)
(-1.0628115230018231, -10.078352654773477)
(-8.849447630928648, -10.032405952457967)
(-0.4573394363635188, -10.059042334265158)
(-7.275023112461586, -10.055182792045683)
(-8.954517053047043, -10.032683892620105)
(-7.198866145801819, -10.082512958453377)
(-1.6630322867366978, -9.962158094747886)
(10.073263476546618, -9.954096911818846)
(6.773297277248673, -10.037532904923882)
(-3.032846334710653, -10.075060783710752)
(4.011570735059411, -10.082331593230002)
(4.420564443525951, -9.946331285477699)
(4.979706592307526, -10.031864539024781)
(-5.18264923878005, -10.083861484287263)
(7.332107308227364, -9.901938158334765)
(-2.2041665818483134, -9.944812258451838)
(-1.9038796595593812, -10.00197785608367)
(6.962045709879398, -10.02322866193375)
(0.8381425530471045, -9.991456481819373)
(-8.70107305482735, -9.900001850970494)
(3.0967731155087055, -9.959752714515636)
(5.718590093916358, -9.984214813608105)
(1.4959644878317064, -9.949464804740137)
(7.563938001919805, -9.995873314742841)
(0.7312262808071548, -10.016549363259347)
(0.11122623178243529, -10.028607786255256)
(-7.051940170134437, -10.064998994843675)
(-0.9927061669934414, -10.07125455535124)
(1.9858751867855524, -9.99063127169067)
(5.837674429580721, -9.984027621629643)
(9.247869033152302, -10.09312297260251)
(-1.0419460737254518, -9.992992495110235)
(8.742805357231465, -10.09185921373106)
(-8.98560126353145, -9.911314562032063)
(7.156202552155552, -9.928251737030669)
(-1.9727534777682685, -10.082914877953995)
(0.9793526283572654, 1.2450580012903956)
(1.0672465949049177, 0.1979561595186783)
(0.9669740569822686, 0.5445781284807631)
(0.9971501849151304, 1.0627568589782612)
(0.9451333705636537, 1.5414888682991972)
(0.914824512891553, 1.7538995472747048)
(0.9821751378602307, 0.8331442080662079)
(1.0070154173058528, 0.8156802497755034)
(0.9294687984974747, 1.9869922833737417)
(0.9074882743855516, 0.35802126801309475)
(0.909975934117731, 1.472433570051264)
(0.5349995513533949, 2.0286916692998713)
(-0.03503093242164734, 2.0746483283534416)
(-1.4460608412752647, 1.9980973739211154)
(-1.4364132362761675, 1.953414944627042)
(-2.983069978346277, 1.9883149006208787)
(0.7652402346722029, 2.0238801478040056)
(-0.44096245486319363, 2.028247990041529)
(-2.2859052959260304, 2.0965247954235617)
(-1.4799918220918773, 1.9714446498081175)
(-2.2546934969864805, 2.0782746420599345)
(0.569919322085636, 2.027933873552825)
(-0.3796574261699477, 2.091914180027959)
(0.9839537877785958, 2.0601001100037446)
(-1.044713031043036, 2.0299404880944065)
(0.45232802000675854, 1.9616459878248742)
(-1.5285757158789663, 1.9572307245706893)
(-0.3123540755648837, 1.9014089362563853)
(-1.648007837970598, 2.0373762058273104)
(-0.8695516268424246, 2.048507435160239)
(-0.7177647556581048, 1.9442617426659465)
(-0.19642749649802882, 1.918460808047969)
(-1.9469394739053119, 1.994222056551306)
(-3.0014705538531508, 1.4127500711385874)
(-3.0699609049553533, -0.5708825296461439)
(-2.9298597123513193, -1.6445490035643706)
(-3.0587714845600122, 1.2575684159586586)
(-2.9718573739742253, 0.32277340698663615)
(-2.971603359679228, -3.6189449116889745)
(-3.0395712868761002, -3.9524388297451987)
(-2.9103387822551468, -3.1701515354345826)
(-2.9876384944872383, 1.4787928597655897)
(-3.035554838520421, 0.502650576060157)
(-3.091520517727919, 0.02622380709309713)
(-2.9890934015333537, -2.578402258392317)
(-2.911302435100582, -3.733591747851027)
(-2.9341941046359667, -3.33540595665968)
(-2.902706298593185, -3.28614370123708)
(-2.936435758191869, -0.7507558327193351)
(-2.9502518715844084, -2.7208173270320257)
(-3.0771628825543806, -3.4174629091637287)
(-3.061744373678709, 1.7271303895324168)
(-2.961780529200461, -0.8940197485101629)
(-3.0437551794420195, 1.735370391874362)
(-2.951882790400621, -2.7374796413594886)
(-2.92725966197039, 1.7978302629457925)
(-3.044330978874469, -0.9432092366650542)
(-3.0207312864528233, -0.1411276121216396)
(-2.9479851201564387, -1.0843525248795043)
(-2.9693767238624384, -2.353731253234544)
(-2.9560466677157904, 1.2287466597261663)
(-3.0251477936730464, -3.6788508251163177)
(-3.0022864897528665, -2.9602401052754654)
(-3.0803372353755663, 0.2313438427388732)
(-2.944439620650153, 1.8675781059099066)
(-3.078647140855274, -3.900160853489578)
(-2.2257322840464218, -3.908673079014881)
(1.1799497373848755, -3.979533131545667)
(1.111020114858504, -4.047773223389874)
(-0.448040651640194, -3.9324178986045473)
(0.9118456722177486, -3.9400616127370163)
(1.474590189070451, -3.9816704114346804)
(0.6026047014399483, -3.990795921404836)
(-0.23658969338900349, -4.055417227443267)
(-2.7582816489412565, -4.014211274865376)
(1.1562547561313963, -4.000527735465205)
(0.6640675887723395, -3.919791963000426)
(-0.0036032586624346052, -3.939657764122928)
(0.2063444681633113, -4.091952885704243)
(-1.4538388821946997, -4.07810104307055)
(-1.627840908511371, -4.091829207661384)
(2.7756859486746706, -4.018834466282792)
(-1.5702732278319722, -4.05583515187541)
(-1.6019250171072583, -3.959350494660707)
(2.0491004277442153, -3.9160590594304967)
(-2.381528937458726, -4.0827418789596255)
(1.2992973879904541, -3.9363225868232354)
(2.655269031396969, -3.928198374620479)
(4.987970441209919, -3.920285642439111)
(0.8337446839673479, -3.9879622024962704)
(-0.6690059310300729, -4.0582168507063345)
(3.2492436719039377, -3.911111059664053)
(-0.17412213078989147, -3.9250798447280766)
(-0.5276706136725142, -3.913761909738674)
(1.1966662158859123, -3.9408886541094446)
(-2.716469467291989, -3.9115719057332283)
(4.892411903174779, -4.035989306482655)
(1.2342316487452702, -4.028590670422341)
(-1.4667152719655974, -4.000765898589201)
(2.9596349403278976, -3.9366901153230107)
(2.78174522280161, -3.952690985612312)
(3.947373984673656, -3.910212734938912)
(1.2157557248743727, -4.012211146724989)
(4.78090808912183, -4.0478815007416395)
(1.1923065318719201, -3.909811129970786)
(1.6474190983663783, -3.987822651535413)
(4.973268934378261, -4.01218036565311)
(3.410758989043436, -3.9182570949316102)
(-2.370376954388397, -3.9845557060868484)
(0.9074588701601201, -3.984312464118493)
(4.9922439489968236, -0.8557494099493201)
(4.984975198827344, -1.8632293613239113)
(5.083755217114825, -3.473722027201885)
(4.944511230167885, 0.5734309986772086)
(5.092343356105157, 4.762880939580288)
(4.9351710259509085, -1.2592431678282479)
(4.918271092580575, 1.0777385789649854)
(4.943453612095627, 0.6607030591225476)
(5.002491460690818, 5.2115494741157775)
(4.990471546064765, 2.1472429862941604)
(4.935837672071847, 5.926649891605862)
(4.987612746107901, 3.3182442631064752)
(5.085645377367939, -2.993299596566108)
(5.007252731877211, -3.1557544076293174)
(5.027715500055911, 3.8087648189102445)
(5.043618848849277, 1.773543064812201)
(4.949963915655941, -3.1870810746475593)
(5.091157949894099, -3.8230498101927246)
(4.937917759048909, 0.8877101001436918)
(5.062000763103444, 2.6461591751846463)
(4.910436761647526, 4.039309791087289)
(5.038434614864067, -0.2576866784102103)
(5.016677751444033, -0.6348657053017241)
(4.96555472427169, -2.3216579742746344)
(4.998500415518918, 2.8009474989156065)
(5.088602064726405, -3.9340249406635484)
(4.91410587666644, 2.8420583453099235)
(4.98777566336568, -0.466704183253694)
(5.018454551432441, -3.177661770666395)
(5.0089806700687225, 1.6004924515271046)
(4.954917413614148, 3.2724354951986196)
(5.019584735833127, 4.8581583038591845)
(5.099052391582606, 5.997244332331462)
(4.931522754910958, 3.6748885999903145)
(5.012178733123332, -1.8193418099998557)
(4.904504223224787, 4.207015163455969)
(5.084477484616426, -3.3539100276701213)
(4.929212762163649, 5.545364187833901)
(4.963582020347911, -0.90515828418763)
(4.913213317883211, 2.9057013270458087)
(4.996255535617385, -1.697854118133037)
(5.054607536456632, -0.6791691137155729)
(4.9601496672429874, 3.875489770206281)
(4.949367263920755, 1.3766296712660786)
(5.065058321088857, 1.5931086907859804)
(5.066720018282852, -2.4258362331147865)
(4.924988036904928, 4.356808694413068)
(5.024097809268245, -1.965571599020075)
(5.008535806098522, 4.304871563266529)
(4.943137208820451, -3.998283766698144)
(5.085294253129047, 5.1341039875400085)
(4.944529443317659, 0.6636936718106483)
(5.048544660655778, 4.718018789961633)
(5.071349274938959, -0.23762058812521314)
(4.904097427424122, 5.345492362839936)
(0.7378278483663188, 6.017229737849762)
(2.973159497385245, 6.080243602950141)
(4.298643260928852, 5.976574805443543)
(1.5866468438676726, 5.990590363364398)
(2.6170272655998055, 5.909817647567413)
(-1.9895246025503672, 5.983673012376148)
(0.8371532659199277, 5.943346244816211)
(-0.4958278813782444, 6.002149949947463)
(-3.1349387950135204, 5.968855702207279)
(-1.7590157515585947, 5.9974440884362235)
(-3.915815996870347, 5.974792229613824)
(0.7542066821365587, 5.965380937998751)
(-5.50887608897747, 5.990160631811359)
(-4.338418428302013, 6.017875319082963)
(3.4979873010847804, 5.993631423224818)
(-3.304191757307852, 6.015374925043775)
(-5.673255972757691, 5.912613481463324)
(4.664266566012397, 6.018055206024672)
(-0.324785596216727, 6.0281291889570525)
(-3.8439831682731835, 5.907445840940263)
(-2.6600483888112763, 6.064194792278919)
(-0.06924130732200062, 6.026809800872855)
(-5.719844050930635, 6.03142703594227)
(4.1480173129598015, 5.950958748250176)
(-6.271591065202291, 6.041309642690377)
(-4.843020888638178, 6.031464787567782)
(-2.802408968400549, 6.081180096971292)
(-5.684527108318216, 6.08180176378973)
(1.8560664694206146, 5.965146049899716)
(1.3595493184838752, 5.953555881037515)
(-1.0947521363244554, 6.02360345916061)
(0.2003906228123462, 5.926734616439565)
(-5.736133365861792, 5.961335391664381)
(-3.134823137809024, 6.023913788289318)
(-3.297500566988846, 6.067779032839136)
(-4.760293078856524, 6.052262073058314)
(-3.969746763906125, 5.921005767931046)
(2.308447853488481, 6.013973372558989)
(-6.426620922983899, 5.941611474693772)
(2.585379929227919, 5.9176585222950235)
(-3.4462405234907227, 5.905549684669944)
(-0.3507501840714724, 6.0631432024665)
(-2.0244420766430498, 6.016154024899892)
(-3.242899771151496, 5.978958023187304)
(-2.3148636644574143, 5.95634841550753)
(-5.1488241126986845, 6.029425100081827)
(-1.8072924588918475, 5.971430455734235)
(-6.296828907980618, 6.076221926582175)
(-3.600371917634094, 6.090963867470503)
(1.2961887185872971, 5.929571958558587)
(4.17285663520283, 5.959533151746194)
(-1.736887539615136, 5.932456378540327)
(-5.632105291737421, 6.002020221461861)
(-0.27409834253878707, 6.071291574846861)
(2.5757986209319608, 6.057732709472252)
(-1.6307865498043164, 6.0325099456065265)
(-4.6327586910101815, 6.081134896265693)
(4.328494848647596, 6.05758886497703)
(2.1471822542305006, 5.975081913894363)
(0.2085638625923112, 6.056661310327507)
(3.8813191739710895, 5.981124799577779)
(-6.958682756161122, 6.023250095972978)
(-6.7002690535712155, 6.043279444572898)
(0.5642385114341941, 6.0975407030942925)
(2.6082873916194025, 5.94805170018574)
(4.944709578192468, 5.937409109707897)
(-7.0090661378667525, -3.4997857936526673)
(-7.052594974143211, -3.9745201262242382)
(-7.030023687343363, -7.401367282625475)
(-6.970624712034566, 2.3677202728201205)
(-6.919150777013202, -3.4132799816576336)
(-6.998945852184653, 1.2329816842616061)
(-6.978605284797086, 0.4919136220637714)
(-7.000662782894535, -5.980372690452837)
(-6.995281174145164, 1.869114404113276)
(-7.003189986515404, -2.369949656446842)
(-6.919717690351963, -2.2513833432393646)
(-7.0903626367697425, 2.002424145611414)
(-6.92046955978421, -5.8364187364027735)
(-6.941627104080955, 0.40766839666908616)
(-6.929287951684605, 0.5848597501823214)
(-6.984941175223046, -7.488664761582303)
(-7.017231612374392, -7.29367079312115)
(-6.971196728935471, -4.362034975343101)
(-7.013646711811311, -5.090186417542711)
(-6.928317876572613, -4.004379288702603)
(-6.926280854980838, -1.246357071262679)
(-7.000066198287116, -5.18697732429999)
(-6.965288581272262, -3.2912927835238373)
(-6.99873308507313, -4.906179381183856)
(-6.926379590987823, 1.357597533545551)
(-6.901085129473378, -0.6670799903161857)
(-7.01949679233764, -3.9326851590059997)
(-7.051445084238196, -4.8791566527879855)
(-7.091143372237409, -6.741806706641102)
(-6.9749226925417505, -3.618096766414231)
(-7.005290463106147, -3.021516108378841)
(-7.049511824905104, 0.7558428265310511)
(-6.974017644054615, -7.914886109342252)
(-7.019287623681167, 2.69239837626)
(-6.964501992822941, -5.502298646966768)
(-6.949497848935, 1.6589167107748448)
(-6.914676349952159, -2.1859524103948944)
(-6.905245540122728, -3.3652885415601457)
(-7.026517090667569, -3.0555238591928244)
(-6.921387715147736, -4.972472111934641)
(-7.043645159868324, -4.2418811892422035)
(-6.938198102715976, -1.4732825452558913)
(-6.968882078882057, 5.366193854042887)
(-6.9162933512162255, 3.0822381775401286)
(-6.997587092454498, -5.141663989645348)
(-7.036275120427416, 2.1620234436519574)
(-6.9006614332192715, 0.6863774055221281)
(-7.051523015553495, 5.0853349071285265)
(-7.0534178516342765, -6.558986875499352)
(-6.937758928246449, -3.8802414294131244)
(-6.930710961841623, -1.612283711284424)
(-7.049369409193201, 3.649466059450143)
(-7.097379683466064, 2.9088585005286447)
(-7.022124746416572, 2.1266638540994567)
(-7.0965904716589145, -6.6566597849380305)
(-6.931985140987232, 3.5324915227915046)
(-7.040885520242436, -4.170225310150551)
(-7.041224623761001, 4.357087822400105)
(-6.918185387147391, -4.381073071992085)
(-6.939208732506004, 5.644768362876414)
(-6.961319393847127, -1.3871103979768673)
(-6.992238346374184, 3.7239131108229255)
(-6.979928402583161, 1.9798386160238994)
(-7.012062762312597, -2.4589100492735927)
(-7.096192951470236, -7.229002531865378)
(-6.957694969316159, 3.539485693207311)
(-6.955396720386469, -0.6797471546513769)
(-7.0939839557534565, -0.5378308562246001)
(-7.028230604392401, 2.954847729535736)
(-6.9801801600289615, -4.361695313114979)
(-6.976660353140685, 4.415673654916642)
(-7.0566986471751365, 1.8098853910511608)
(-7.030239148289152, 2.8044639451020075)
(-6.93711382918436, -7.181307782938037)
(-7.059564603532596, -2.710790681192261)
(-6.954103029914443, -0.06939546477991065)
(-6.962498774190918, -1.5235121841174823)
(-6.959762019769377, -7.941115692410823)
(8.04528443043699, -7.985795528669755)
(8.022846599001252, -8.004413310299146)
(8.566109742873824, -7.95100174017447)
(-3.865986727210146, -7.936223789929176)
(-2.5858143448318742, -8.015220563829606)
(-3.04140766535852, -8.000966881193648)
(-3.711261824350121, -7.917328528268949)
(0.011360087710706068, -8.013028649600594)
(-1.8935346524404633, -8.039924336153303)
(2.0638376251911232, -7.945780662116521)
(-4.394344141824224, -7.974732711754188)
(-4.609361118486776, -7.917734045430816)
(-5.35845282588104, -8.008858837149441)
(-2.9578612467268943, -8.07668728487464)
(8.09515075394686, -7.969036037527733)
(-6.19125412106251, -7.988190126044435)
(5.787011438987916, -8.01585118660077)
(-4.359174990216557, -7.9827509110402)
(-2.6904372757947, -7.956188419599158)
(1.635023958759886, -7.902015006339873)
(4.711397402583156, -8.017277625519322)
(0.5216793245921298, -7.9219268053373595)
(1.2652766873813945, -8.040875117272554)
(6.866115739626716, -8.082098754121917)
(4.731528598611998, -7.963749516100494)
(-0.0276648006181599, -8.098756086372283)
(4.961398460214443, -7.977143875953986)
(2.751780390251037, -7.996273867342976)
(6.217817007661932, -8.013563412730958)
(-5.1393509411945555, -8.010833972966548)
(4.022934308202007, -8.019113363736842)
(5.336192746099043, -8.017039617571239)
(0.8929566503963979, -7.908533242935764)
(1.823027091814776, -7.925188054832846)
(-1.2087364891762906, -8.060447879425242)
(-6.968194921417556, -7.95074991252219)
(4.5717720782806435, -7.904327289011371)
(-5.4079336386655825, -8.000999585929716)
(3.4521510985490416, -7.947355498144601)
(1.815729467900292, -8.044819653414338)
(-0.7319833429885687, -8.023597598823873)
(-0.3594322049195, -8.013144908349211)
(8.651512800644113, -8.03989084019399)
(3.8075588746688585, -7.93916041600116)
(-6.803766885508898, -8.036371947900744)
(-3.218574827371606, -8.01253458945518)
(-5.8836595365496045, -7.914389813416676)
(-2.6123590599569866, -7.955239734330951)
(-0.5018989384435528, -7.949174028126861)
(-0.7652904362100514, -8.037261032594273)
(-3.2694047923084337, -8.010431037222615)
(8.57806443399653, -8.021816024081842)
(-4.344695228164529, -8.034181313126398)
(-5.810129500309808, -8.024890135462623)
(7.773269580207883, -8.080412158634816)
(-0.6142882613873457, -8.008098698510981)
(4.131796489574246, -7.964980618611496)
(3.4400686823900184, -8.000581515632575)
(0.1360705305830443, -8.090118726919385)
(0.8743418158642129, -8.016000444803588)
(-2.241770280744909, -8.016525195916474)
(5.063062131989289, -8.039534354347621)
(5.066277983833821, -7.99919683853283)
(-3.944057175166993, -8.081894457680049)
(-5.18965478097723, -7.942619684446722)
(4.893091895570391, -8.053136014390102)
(-6.120457823387225, -7.9366254419567275)
(5.6528683732280385, -7.9094456026115365)
(8.385656732135445, -8.020173146448613)
(-4.52623636912967, -8.048348020488042)
(2.7110178386716264, -7.99501848011235)
(6.728259858843199, -7.934153323374725)
(-5.734140557130541, -7.912197571033944)
(0.012175381726281742, -8.017372035718878)
(5.482782050058557, -8.012262082230816)
(0.34325145845973637, -7.981650207550551)
(4.527419675257857, -7.901107255534026)
(6.872747887794198, -7.936737417238246)
(-2.5091683956590476, -7.994033113204052)
(7.623935832369591, -7.976437755678437)
(3.407413527217461, -8.024860859245374)
(0.8588629625278674, -8.012103447302561)
(-6.9122340918887915, -8.012096137161446)
(-2.2470201614600285, -8.020870928532645)
(8.813027182587028, -7.989667100510147)
(-2.5178188663296535, -8.015038059593188)
(7.729231940778998, -8.085977186409483)
(8.944665777968149, 3.1928691495578843)
(9.019448703161272, 1.1582608893910766)
(8.995428511138538, 5.844054805659333)
(8.902065097936017, -5.896686890732924)
(9.041581209384837, 4.9811044027769675)
(9.044215193925343, -5.804945162930322)
(8.907882815114203, -7.043904101540187)
(8.988751073369334, 5.828552992178212)
(9.075265308970579, -2.3026381779589995)
(9.030700285699767, -6.825291068133671)
(8.994724518787041, 7.815498273042053)
(9.015448041283568, 2.2109124449528217)
(8.939803289300427, 4.866625900380175)
(8.933753677583198, 7.958589339820904)
(9.089210892421892, -1.7134860501962947)
(9.061462298001254, 5.188053578396051)
(9.004683531011143, -3.517900285332873)
(9.097492045186005, 4.275237435142591)
(8.917237883142949, 6.745067125294479)
(9.02156469221686, 4.756254765950441)
(9.029641526335352, 0.2959860375313994)
(9.089837326293948, 7.7495271670307275)
(8.997690010967206, 3.2141767468233997)
(8.927834107676631, 2.4456457519266355)
(9.079620997235041, 5.813062770949577)
(9.048291412091123, 4.901285846017343)
(8.928741787292973, 0.3697720171769969)
(8.901052873301364, -3.0589416292144413)
(9.001109911000826, 5.615494191616651)
(9.035762768631917, -2.7419591287208434)
(8.992142792765339, -0.6967827702248339)
(8.952337494552904, -2.321666188546402)
(8.969830169274381, -0.6179936411489848)
(9.023062205191327, 8.678317238937069)
(8.90918619523264, -3.303915170675106)
(9.095622559021436, 4.610370170891883)
(9.084681721052227, -1.713215693377041)
(8.9192070764689, 4.714741769483231)
(9.043357450637156, -0.0731054406062217)
(9.007474503506417, -2.8312214971375393)
(8.939562108492934, 5.460354409444646)
(8.912740809419105, -0.1412449230580286)
(9.083588387488179, -4.3020414872621195)
(8.96216920553013, -3.314828117562964)
(8.938513561350012, 6.0919122927077645)
(9.08912779733191, -2.1769694710996905)
(9.021196524195966, -6.157010675776237)
(9.084518057201274, 9.5066693415523)
(9.099014030492, -1.4608381969809603)
(8.901271871083544, 0.1617676850459997)
(9.000185174651602, 1.8899657335456226)
(8.928596918943601, 0.16104302826238737)
(9.072717188821935, -4.819915194718345)
(8.99097731080928, -4.224153945861835)
(8.970175519513965, -4.363398207555075)
(9.063049260052104, -0.5188701795022297)
(9.025844207897636, -7.424395473757911)
(8.919826581172474, 3.894981984597143)
(9.082048503152356, 1.0100911638628212)
(8.900483413675797, 6.232441067339829)
(9.045369396588201, 3.4043827835286304)
(9.053441697748807, 6.309424869138855)
(8.92424430896676, 8.371535757630323)
(8.99905690830077, 0.244345336495984)
(9.054519239150263, -3.78761498370051)
(8.907237123750129, 3.1509680179071786)
(9.054641183972782, 8.628173057861101)
(9.081187845807037, 3.376835504027323)
(9.059325343316615, 3.3499538431233873)
(9.098418267000856, -3.5262402177808774)
(9.084561453938353, 2.5829499431281295)
(8.9239934649892, 3.084179237515155)
(9.064989010135719, 1.2698284099298771)
(9.055347007886601, 3.641306876879261)
(9.054589816137925, 2.8426192011507165)
(8.983480332182575, 2.882082508982865)
(9.06733672127422, 9.234358191417382)
(9.064453118821941, 7.80136870240279)
(8.93764733071769, 1.2652980903068354)
(9.018363426140333, 3.213316128301866)
(8.992178988232986, -7.340537355476236)
(8.94956256641356, -1.9349841040188318)
(8.965597207897323, -3.5440019120642816)
(8.923362209041024, 5.962298104451891)
(8.950590613647448, 6.175539069041745)
(8.935977569658885, -3.7546194391676124)
(9.02138363790415, 7.768137301504211)
(8.957438279030278, -4.299544844322136)
(9.06589073100061, 2.7823932898042756)
(9.012609205500889, 4.679155250267213)
(9.029739358163548, -2.979178747335669)
(9.084737578884576, 9.732900916934334)
(8.919911788873469, 5.941107760803963)
(9.04970300831723, -5.384792090445832)
(8.959748637470428, -7.830384747852126)
(8.94274565765768, 2.362133413493199)
(9.051071059692093, -1.7223303496070903)
(9.096048891256142, -6.391592585818119)
(9.06651738682565, 4.546020862632291)
(9.048164554328219, 6.35390650923587)
(-4.755742931495371, 10.043788312667258)
(-8.290430470222756, 10.084126473754228)
(-6.984067782140736, 10.076996131349459)
(-0.8867130670901897, 10.008837341525604)
(-5.56104344006093, 10.009026458577637)
(-6.142494890062017, 10.023575163230854)
(4.346219344652237, 9.952267949281435)
(-0.6913397629556393, 9.917504878335183)
(8.729213134581581, 10.081866102013667)
(-9.232388273293228, 10.090538026383193)
(-8.214568567044509, 9.983959634241607)
(8.230108837858118, 10.053293734850525)
(2.790948189108514, 9.902598048732555)
(0.4154085093783202, 10.08044430147419)
(2.4289994918814752, 9.93932931645214)
(3.27028070910017, 10.062695352580183)
(-6.430294627387187, 10.042998754173253)
(-0.2857192471430512, 9.990804366082322)
(6.541255858491283, 9.982123569829358)
(-0.6493285186846673, 10.01856618091677)
(-3.765007526306638, 9.95725681667814)
(3.8622181435695495, 9.917573977425517)
(2.1522797182528386, 9.987403749488124)
(2.1679808665934335, 9.98689787162123)
(5.579238286433444, 9.914916775287104)
(-0.6404774384131642, 10.035729890262495)
(4.033479954187332, 9.99924006480202)
(-3.3070245203127904, 9.918228492959486)
(-6.323808563135897, 10.008627575923025)
(-8.149016477428356, 9.996859149050291)
(1.8284919841323628, 9.9272847414773)
(-6.689839806357828, 9.975716146661933)
(7.4342112602606925, 9.907216060239808)
(-1.432933742670702, 9.93776659862634)
(-3.3941958059955155, 10.053968205124184)
(-2.8297441768570604, 9.973002670785597)
(-7.705778519242971, 9.969550857745011)
(8.208067508052949, 9.974519090805213)
(5.6969867738808375, 10.034740460617039)
(-1.9440092370953366, 10.03162903453195)
(4.826394008703517, 9.902782236228157)
(0.9065339319707775, 9.934035928320576)
(-2.3106189193965285, 10.093644305855731)
(7.838628355134382, 10.073719961878774)
(-0.7998567616628556, 9.937845402887962)
(0.9151946937735822, 9.973979711036172)
(8.555274420302897, 10.006514958726424)
(-4.572213029602532, 9.94055033920258)
(8.588290659431532, 10.047585836246359)
(-2.0384206529095845, 9.938685184480947)
(6.656778235730311, 10.02762017277054)
(3.466366229702327, 10.055436318858812)
(-2.6647212313139654, 10.042693398598926)
(-0.5350903887284648, 10.080638559787918)
(-0.4795307538501046, 10.060991869578002)
(7.559882134900686, 9.94522927560865)
(0.5144074972737656, 9.9768467650819)
(-1.7244906538358684, 10.033783822100277)
(-6.610098941721509, 9.945594714902477)
(2.7816272979530865, 10.089721894222338)
(4.100908733383296, 10.024627027145613)
(6.046810938058524, 9.919304759981477)
(-3.818031003783723, 9.982544373532638)
(6.2995606377733, 10.050812381548742)
(7.99291609687619, 9.926176430747843)
(-3.320814692665156, 10.062362146903308)
(4.297206624517017, 9.959085617437792)
(-6.219236323290386, 9.964044258147924)
(7.474144711053135, 9.962607766420627)
(-5.81559760061931, 10.04590651687505)
(2.097665531233126, 9.994735468840512)
(-9.907397562803343, 10.038814526679351)
(-3.1776974296002667, 10.040041492150253)
(-1.5045591129307976, 9.90900651810472)
(4.060891917845794, 10.02767288315634)
(1.309407056139655, 10.0457542574697)
(7.619142411917817, 9.926276915268458)
(-1.9929603716142221, 9.997356478393419)
(-10.290967872878078, 10.050216566647672)
(0.6123616467283401, 10.011602016475537)
(5.939311797615421, 9.981861660852593)
(-8.297764623987808, 10.03353212864618)
(-8.315154884322643, 9.910289528675632)
(5.552977349921566, 10.020751223314363)
(-3.553684938522169, 9.941907071854823)
(-4.9408635191543695, 10.07217452599683)
(3.772167043474898, 10.072852472502653)
(-5.912704264171324, 9.954078736487899)
(-6.4076450965880385, 9.984101837133432)
(-0.8517751009742689, 9.927570812362228)
(0.5788590182650388, 10.022768641057132)
(-5.567521791311968, 9.965601535628505)
(-3.3340942322390568, 9.981006600728863)
(-0.5561574646454535, 10.06417229367012)
(-0.4027261637748758, 9.936943437176847)
(-7.596398271995767, 9.96347316586704)
(0.44834222877944896, 10.012866420878717)
(6.48867032935221, 9.974109554185576)
(-4.725633716744849, 10.030168140545788)
(-3.713977152291913, 10.07338845690963)
(5.124811156599311, 9.988642787245183)
(6.1376904267572705, 9.900073901414116)
(-0.9183243785372603, 9.935407326498998)
(-8.82846332145673, 9.982746577901034)
(0.2767550286774352, 10.065696134292162)
(-5.498338885554292, 10.008876927157411)
(-4.451160704835237, 9.98197079962672)
(-7.186595415592824, 10.053323701504057)
(6.541728827803912, 10.078975062798335)
(4.334850522366427, 9.940076549110147)
(7.6014067498815585, 9.983760020764684)
